train_loss: 0.5136893963524205
train_accuracy: 0.7546859169199595
train_precision: 0.7599124965818977
train_recall: 0.7240750390828556
train_f1: 0.7415610406937959
val_loss: 0.539682295053236
val_accuracy: 0.7436676798378926
val_precision: 0.74364896073903
val_recall: 0.6939655172413793
val_f1: 0.717948717948718
test_loss: 0.5545860711605318
test_accuracy: 0.7176113360323887
test_precision: 0.6757990867579908
test_recall: 0.6836027713625866
test_f1: 0.6796785304247991
min_lr: 5e-05
max_lr: 0.0007
total_time: 242.6338403224945
average_epoch_time: 2.4263357877731324
