train_loss: 0.5475502992689851
train_accuracy: 0.7316362715298885
train_precision: 0.7361912613355317
train_recall: 0.698019801980198
train_f1: 0.7165975658686639
val_loss: 0.5390536342897723
val_accuracy: 0.7345491388044579
val_precision: 0.735981308411215
val_recall: 0.6788793103448276
val_f1: 0.7062780269058296
test_loss: 0.5571991147533539
test_accuracy: 0.7115384615384616
test_precision: 0.6712962962962963
test_recall: 0.6697459584295612
test_f1: 0.6705202312138728
min_lr: 0.0001
max_lr: 0.001
total_time: 255.7769980430603
average_epoch_time: 2.557767014503479
