train_loss: 0.5335926898577918
train_accuracy: 0.7421479229989868
train_precision: 0.7422043010752688
train_recall: 0.7193850964043773
train_f1: 0.7306165652288965
val_loss: 0.5335605432910304
val_accuracy: 0.729483282674772
val_precision: 0.7184035476718403
val_recall: 0.6982758620689655
val_f1: 0.7081967213114754
test_loss: 0.5553028593140263
test_accuracy: 0.7307692307692307
test_precision: 0.6893424036281179
test_recall: 0.7020785219399538
test_f1: 0.6956521739130435
min_lr: 0.0008
max_lr: 0.005
total_time: 78.9696900844574
average_epoch_time: 0.7896943426132202
