train_loss: 0.2587700084342744
train_mse: 0.25877001881599426
train_mae: 0.3460245430469513
train_rmse: 0.5086944103240967
train_r2: 0.804939329624176
val_loss: 0.27187034785747527
val_mse: 0.2727567255496979
val_mae: 0.3529573082923889
val_rmse: 0.5222611427307129
val_r2: 0.7902815341949463
test_loss: 0.2555595943560967
test_mse: 0.25696977972984314
test_mae: 0.3498344123363495
test_rmse: 0.5069218873977661
test_r2: 0.8165731430053711
min_lr: 2e-05
max_lr: 0.003
total_time: 499.38841247558594
average_epoch_time: 4.993880531787872
