train_loss: 0.5044434699211043
train_accuracy: 0.7602583586626139
train_precision: 0.7350737249214406
train_recall: 0.7923397602918186
train_f1: 0.7626332288401254
val_loss: 0.5408494857049757
val_accuracy: 0.7223910840932117
val_precision: 0.6826923076923077
val_recall: 0.7650862068965517
val_f1: 0.7215447154471545
test_loss: 0.5752170537748644
test_accuracy: 0.708502024291498
test_precision: 0.6476578411405295
test_recall: 0.7344110854503464
test_f1: 0.6883116883116883
min_lr: 0.0001
max_lr: 0.0005
total_time: 258.0402536392212
average_epoch_time: 2.5803996992111204
