train_loss: 0.27631924786539963
train_mse: 0.2763192355632782
train_mae: 0.3661426901817322
train_rmse: 0.5256607532501221
train_r2: 0.7917107343673706
val_loss: 0.34556253185639013
val_mse: 0.34647098183631897
val_mae: 0.40994006395339966
val_rmse: 0.5886178612709045
val_r2: 0.733603835105896
test_loss: 0.3630589551650561
test_mse: 0.3619043231010437
test_mae: 0.4120663106441498
test_rmse: 0.6015848517417908
test_r2: 0.7416700720787048
min_lr: 1e-05
max_lr: 0.001
total_time: 548.2215640544891
average_epoch_time: 5.482212188243866
