train_loss: 0.27807680310955807
train_mse: 0.27807679772377014
train_mae: 0.3577234745025635
train_rmse: 0.5273298621177673
train_r2: 0.790385901927948
val_loss: 0.28892026371680773
val_mse: 0.28972843289375305
val_mae: 0.3640040159225464
val_rmse: 0.538264274597168
val_r2: 0.77723228931427
test_loss: 0.274172067298339
test_mse: 0.27552932500839233
test_mae: 0.3579583168029785
test_rmse: 0.5249089002609253
test_r2: 0.8033251762390137
min_lr: 1e-05
max_lr: 0.01
total_time: 609.8198425769806
average_epoch_time: 6.098198425769806
