train_loss: 0.5297523972235227
train_accuracy: 0.7413880445795339
train_precision: 0.7653664302600472
train_recall: 0.6748306409588327
train_f1: 0.7172528385488784
val_loss: 0.5304886044994477
val_accuracy: 0.7365754812563323
val_precision: 0.755
val_recall: 0.6508620689655172
val_f1: 0.6990740740740741
test_loss: 0.5480608757465116
test_accuracy: 0.7368421052631579
test_precision: 0.7235142118863049
test_recall: 0.6466512702078522
test_f1: 0.6829268292682927
min_lr: 0.0002
max_lr: 0.001
total_time: 256.6489360332489
average_epoch_time: 2.5664865660667417
