train_loss: 0.23148036985694206
train_mse: 0.23148037493228912
train_mae: 0.32349807024002075
train_rmse: 0.48112407326698303
train_r2: 0.8255102634429932
val_loss: 0.24354862708311814
val_mse: 0.2442164272069931
val_mae: 0.32793769240379333
val_rmse: 0.4941825866699219
val_r2: 0.8122257590293884
test_loss: 0.23772111030725332
test_mse: 0.2387189418077469
test_mae: 0.3326561748981476
test_rmse: 0.48858872056007385
test_r2: 0.8296006917953491
min_lr: 2e-06
max_lr: 0.002
total_time: 474.0059278011322
average_epoch_time: 4.7400558876991274
