train_loss: 0.22074561685959035
train_mse: 0.22074562311172485
train_mae: 0.31719353795051575
train_rmse: 0.46983572840690613
train_r2: 0.8336020708084106
val_loss: 0.24316876152387032
val_mse: 0.2437274307012558
val_mae: 0.32734137773513794
val_rmse: 0.49368757009506226
val_r2: 0.8126017451286316
test_loss: 0.25021063616642586
test_mse: 0.2501890957355499
test_mae: 0.3377358913421631
test_rmse: 0.5001890659332275
test_r2: 0.8214132189750671
min_lr: 2e-05
max_lr: 0.002
total_time: 538.3336353302002
average_epoch_time: 5.383332967758179
