train_loss: 0.5257134402570455
train_accuracy: 0.743920972644377
train_precision: 0.7455381287182261
train_recall: 0.7183428869202709
train_f1: 0.731687898089172
val_loss: 0.5378267265135243
val_accuracy: 0.745694022289767
val_precision: 0.7414965986394558
val_recall: 0.7047413793103449
val_f1: 0.7226519337016575
test_loss: 0.5586956460629741
test_accuracy: 0.7226720647773279
test_precision: 0.6786516853932584
test_recall: 0.6974595842956121
test_f1: 0.6879271070615034
min_lr: 0.0001
max_lr: 0.001
total_time: 260.2179775238037
average_epoch_time: 2.602176911830902
