train_loss: 0.5310922744061782
train_accuracy: 0.7403748733535968
train_precision: 0.7264437689969605
train_recall: 0.7472642001042209
train_f1: 0.7367069098381711
val_loss: 0.5306961017270242
val_accuracy: 0.7375886524822695
val_precision: 0.7242888402625821
val_recall: 0.7133620689655172
val_f1: 0.7187839305103149
test_loss: 0.562344616459262
test_accuracy: 0.7226720647773279
test_precision: 0.6687898089171974
test_recall: 0.7274826789838337
test_f1: 0.6969026548672567
min_lr: 5e-05
max_lr: 0.001
total_time: 216.8784749507904
average_epoch_time: 2.168781478404999
