train_loss: 0.23199687662079585
train_mse: 0.23199686408042908
train_mae: 0.32699641585350037
train_rmse: 0.48166051506996155
train_r2: 0.8251209259033203
val_loss: 0.2568300056916017
val_mse: 0.2570371925830841
val_mae: 0.33906716108322144
val_rmse: 0.5069883465766907
val_r2: 0.8023680448532104
test_loss: 0.2693286348993962
test_mse: 0.26979395747184753
test_mae: 0.3506890833377838
test_rmse: 0.5194169282913208
test_r2: 0.8074191212654114
min_lr: 1e-05
max_lr: 0.001
total_time: 547.3210427761078
average_epoch_time: 5.473206593990326
