train_loss: 0.5443016174833785
train_accuracy: 0.733789260385005
train_precision: 0.730605738575983
train_recall: 0.7165190203230849
train_f1: 0.7234938174164693
val_loss: 0.5366750311466956
val_accuracy: 0.7386018237082067
val_precision: 0.7288888888888889
val_recall: 0.7068965517241379
val_f1: 0.7177242888402626
test_loss: 0.5546374993939553
test_accuracy: 0.7186234817813765
test_precision: 0.6757369614512472
test_recall: 0.6882217090069284
test_f1: 0.6819221967963387
min_lr: 0.0004
max_lr: 0.01
total_time: 111.16169309616089
average_epoch_time: 1.1116142606735229
