train_loss: 0.5352275593560717
train_accuracy: 0.7408814589665653
train_precision: 0.7630651790957135
train_recall: 0.6771756122980719
train_f1: 0.7175593594699061
val_loss: 0.5344179580288548
val_accuracy: 0.7355623100303952
val_precision: 0.7609254498714653
val_recall: 0.6379310344827587
val_f1: 0.694021101992966
test_loss: 0.5399800462107505
test_accuracy: 0.7348178137651822
test_precision: 0.7186700767263428
test_recall: 0.648960739030023
test_f1: 0.6820388349514563
min_lr: 0.0001
max_lr: 0.0006
total_time: 236.4199252128601
average_epoch_time: 2.364196264743805
