train_loss: 0.22639676510507978
train_mse: 0.22639676928520203
train_mae: 0.32188746333122253
train_rmse: 0.4758116900920868
train_r2: 0.829342246055603
val_loss: 0.24549668385432316
val_mse: 0.24584248661994934
val_mae: 0.33008211851119995
val_rmse: 0.49582505226135254
val_r2: 0.8109754920005798
test_loss: 0.25365025641826483
test_mse: 0.25441473722457886
test_mae: 0.3360700309276581
test_rmse: 0.5043954253196716
test_r2: 0.8183969259262085
min_lr: 1e-05
max_lr: 0.001
total_time: 516.7545704841614
average_epoch_time: 5.167542190551758
