train_loss: 0.5336915014485116
train_accuracy: 0.7375886524822695
train_precision: 0.7355923159018143
train_recall: 0.7183428869202709
train_f1: 0.7268652781439494
val_loss: 0.5332349586871362
val_accuracy: 0.7304964539007093
val_precision: 0.7239819004524887
val_recall: 0.6896551724137931
val_f1: 0.7064017660044151
test_loss: 0.5494377180453269
test_accuracy: 0.7236842105263158
test_precision: 0.6834862385321101
test_recall: 0.6882217090069284
test_f1: 0.6858457997698504
min_lr: 0.0002
max_lr: 0.03
total_time: 54.08202338218689
average_epoch_time: 0.54081782579422
