train_loss: 0.3799149533517139
train_mse: 0.3799149692058563
train_mae: 0.44107258319854736
train_rmse: 0.6163724064826965
train_r2: 0.7136203646659851
val_loss: 0.39021921157836914
val_mse: 0.3914567828178406
val_mae: 0.4500832259654999
val_rmse: 0.6256650686264038
val_r2: 0.6990149021148682
test_loss: 0.3671470000193669
test_mse: 0.36756256222724915
test_mae: 0.4345400631427765
test_rmse: 0.606269359588623
test_r2: 0.7376312017440796
min_lr: 0.0001
max_lr: 0.01
total_time: 683.3233408927917
average_epoch_time: 6.833213319778443
