train_loss: 0.2684308461585017
train_mse: 0.2684308588504791
train_mae: 0.3534005582332611
train_rmse: 0.5181031227111816
train_r2: 0.7976570129394531
val_loss: 0.28340213803144604
val_mse: 0.2841261923313141
val_mae: 0.35925203561782837
val_rmse: 0.5330348610877991
val_r2: 0.7815397381782532
test_loss: 0.26239291051259406
test_mse: 0.2635349631309509
test_mae: 0.3579704165458679
test_rmse: 0.5133565664291382
test_r2: 0.8118868470191956
min_lr: 2e-05
max_lr: 0.002
total_time: 545.5574808120728
average_epoch_time: 5.455571382045746
